#Layer_Color=9474304
#
#Feature symbol names
#
$0 r5
$1 r6.6666

#
#Feature attribute names
#

#
#Layer features
#
A 0.315 1.4718898 0.315 1.4718898 0.295 1.4718898 1 P 0 N
A 0.315 1.59 0.315 1.59 0.295 1.59 1 P 0 N
L 0.095 0.27 0.095 0.28 0 P 0
L 0.095 0.27 0.105 0.27 0 P 0
L 0.095 0.28 0.105 0.29 0 P 0
L 0.095 0.3 0.095 0.31 0 P 0
L 0.095 0.3 0.105 0.29 0 P 0
L 0.095 0.31 0.105 0.31 0 P 0
L 0.105 0.27 0.115 0.28 0 P 0
L 0.105 0.31 0.115 0.3 0 P 0
L 0.115 0.28 0.125 0.27 0 P 0
L 0.115 0.3 0.125 0.31 0 P 0
L 0.115 1.86 0.125 1.86 0 P 0
L 0.115 1.86 0.125 1.87 0 P 0
L 0.115 1.88 0.125 1.87 0 P 0
L 0.115 1.88 0.125 1.88 0 P 0
L 0.125 0.27 0.135 0.27 0 P 0
L 0.125 0.29 0.135 0.28 0 P 0
L 0.125 0.29 0.135 0.3 0 P 0
L 0.125 0.31 0.135 0.31 0 P 0
L 0.125 1.86 0.135 1.85 0 P 0
L 0.125 1.88 0.135 1.89 0 P 0
L 0.13 0.23 0.13 0.24 0 P 0
L 0.13 0.23 0.14 0.23 0 P 0
L 0.13 0.24 0.14 0.25 0 P 0
L 0.13 0.26 0.13 0.27 0 P 0
L 0.13 0.26 0.14 0.25 0 P 0
L 0.13 0.27 0.14 0.27 0 P 0
L 0.13 0.305 0.13 0.315 0 P 0
L 0.13 0.305 0.14 0.305 0 P 0
L 0.13 0.315 0.14 0.325 0 P 0
L 0.13 0.335 0.13 0.345 0 P 0
L 0.13 0.335 0.14 0.325 0 P 0
L 0.13 0.345 0.14 0.345 0 P 0
L 0.135 0.27 0.135 0.28 0 P 0
L 0.135 0.3 0.135 0.31 0 P 0
L 0.135 1.85 0.145 1.86 0 P 0
L 0.135 1.89 0.145 1.88 0 P 0
L 0.14 0.23 0.15 0.24 0 P 0
L 0.14 0.27 0.15 0.26 0 P 0
L 0.14 0.305 0.15 0.315 0 P 0
L 0.14 0.345 0.15 0.335 0 P 0
L 0.145 1.655 0.145 1.665 0 P 0
L 0.145 1.655 0.155 1.655 0 P 0
L 0.145 1.665 0.155 1.675 0 P 0
L 0.145 1.685 0.145 1.695 0 P 0
L 0.145 1.685 0.155 1.675 0 P 0
L 0.145 1.695 0.155 1.695 0 P 0
L 0.145 1.86 0.155 1.86 0 P 0
L 0.145 1.87 0.155 1.86 0 P 0
L 0.145 1.87 0.155 1.88 0 P 0
L 0.145 1.88 0.155 1.88 0 P 0
L 0.15 0.24 0.16 0.23 0 P 0
L 0.15 0.26 0.16 0.27 0 P 0
L 0.15 0.315 0.16 0.305 0 P 0
L 0.15 0.335 0.16 0.345 0 P 0
L 0.155 1.655 0.165 1.665 0 P 0
L 0.155 1.695 0.165 1.685 0 P 0
L 0.16 0.23 0.17 0.23 0 P 0
L 0.16 0.25 0.17 0.24 0 P 0
L 0.16 0.25 0.17 0.26 0 P 0
L 0.16 0.27 0.16 0.28 0 P 0
L 0.16 0.27 0.17 0.27 0 P 0
L 0.16 0.27 0.17 0.27 0 P 0
L 0.16 0.28 0.17 0.29 0 P 0
L 0.16 0.3 0.16 0.31 0 P 0
L 0.16 0.3 0.17 0.29 0 P 0
L 0.16 0.305 0.17 0.305 0 P 0
L 0.16 0.31 0.17 0.31 0 P 0
L 0.16 0.325 0.17 0.315 0 P 0
L 0.16 0.325 0.17 0.335 0 P 0
L 0.16 0.345 0.17 0.345 0 P 0
L 0.165 1.665 0.175 1.655 0 P 0
L 0.165 1.685 0.175 1.695 0 P 0
L 0.17 0.23 0.17 0.24 0 P 0
L 0.17 0.26 0.17 0.27 0 P 0
L 0.17 0.27 0.18 0.28 0 P 0
L 0.17 0.305 0.17 0.315 0 P 0
L 0.17 0.31 0.18 0.3 0 P 0
L 0.17 0.335 0.17 0.345 0 P 0
L 0.17 1.26 0.17 1.27 0 P 0
L 0.17 1.26 0.18 1.26 0 P 0
L 0.17 1.27 0.18 1.28 0 P 0
L 0.17 1.29 0.17 1.3 0 P 0
L 0.17 1.29 0.18 1.28 0 P 0
L 0.17 1.3 0.18 1.3 0 P 0
L 0.175 1.655 0.185 1.655 0 P 0
L 0.175 1.675 0.185 1.665 0 P 0
L 0.175 1.675 0.185 1.685 0 P 0
L 0.175 1.695 0.185 1.695 0 P 0
L 0.18 0.28 0.19 0.27 0 P 0
L 0.18 0.3 0.19 0.31 0 P 0
L 0.18 1.26 0.19 1.27 0 P 0
L 0.18 1.3 0.19 1.29 0 P 0
L 0.185 1.655 0.185 1.665 0 P 0
L 0.185 1.685 0.185 1.695 0 P 0
L 0.19 0.27 0.2 0.27 0 P 0
L 0.19 0.29 0.2 0.28 0 P 0
L 0.19 0.29 0.2 0.3 0 P 0
L 0.19 0.31 0.2 0.31 0 P 0
L 0.19 1.27 0.2 1.26 0 P 0
L 0.19 1.29 0.2 1.3 0 P 0
L 0.2 0.27 0.2 0.28 0 P 0
L 0.2 0.3 0.2 0.31 0 P 0
L 0.2 1.26 0.21 1.26 0 P 0
L 0.2 1.28 0.21 1.27 0 P 0
L 0.2 1.28 0.21 1.29 0 P 0
L 0.2 1.3 0.21 1.3 0 P 0
L 0.21 1.26 0.21 1.27 0 P 0
L 0.21 1.29 0.21 1.3 0 P 0
L 0.215 1.86 0.225 1.86 0 P 0
L 0.215 1.86 0.225 1.87 0 P 0
L 0.215 1.88 0.225 1.87 0 P 0
L 0.215 1.88 0.225 1.88 0 P 0
L 0.22 1.285 0.22 1.295 0 P 0
L 0.22 1.285 0.23 1.285 0 P 0
L 0.22 1.295 0.23 1.305 0 P 0
L 0.22 1.315 0.22 1.325 0 P 0
L 0.22 1.315 0.23 1.305 0 P 0
L 0.22 1.325 0.23 1.325 0 P 0
L 0.225 1.86 0.235 1.85 0 P 0
L 0.225 1.88 0.235 1.89 0 P 0
L 0.23 1.285 0.24 1.295 0 P 0
L 0.23 1.325 0.24 1.315 0 P 0
L 0.235 1.85 0.245 1.86 0 P 0
L 0.235 1.89 0.245 1.88 0 P 0
L 0.24 1.295 0.25 1.285 0 P 0
L 0.24 1.315 0.25 1.325 0 P 0
L 0.245 1.86 0.255 1.86 0 P 0
L 0.245 1.87 0.255 1.86 0 P 0
L 0.245 1.87 0.255 1.88 0 P 0
L 0.245 1.88 0.255 1.88 0 P 0
L 0.25 1.285 0.26 1.285 0 P 0
L 0.25 1.305 0.26 1.295 0 P 0
L 0.25 1.305 0.26 1.315 0 P 0
L 0.25 1.325 0.26 1.325 0 P 0
L 0.26 1.285 0.26 1.295 0 P 0
L 0.26 1.315 0.26 1.325 0 P 0
L 0.2697637 0.9073228 0.2697637 0.9473228 0 P 0
L 0.2697637 0.9073228 0.3097637 0.9073228 0 P 0
L 0.2697637 0.9473228 0.3097637 0.9473228 0 P 0
L 0.2697637 0.9624409 0.2697637 1.0024409 0 P 0
L 0.2697637 0.9624409 0.3097637 0.9624409 0 P 0
L 0.2697637 1.0024409 0.3097637 1.0024409 0 P 0
L 0.27 0.375 0.28 0.395 0 P 0
L 0.27 0.375 0.29 0.385 0 P 0
L 0.27 0.415 0.28 0.395 0 P 0
L 0.27 0.415 0.29 0.405 0 P 0
L 0.29 0.385 0.31 0.375 0 P 0
L 0.29 0.405 0.31 0.415 0 P 0
L 0.2973228 0.8797638 0.2973228 0.9197638 0 P 0
L 0.2973228 0.8797638 0.3373228 0.8797638 0 P 0
L 0.2973228 0.9197638 0.3373228 0.9197638 0 P 0
L 0.2973228 0.9348819 0.2973228 0.9748819 0 P 0
L 0.2973228 0.9348819 0.3373228 0.9348819 0 P 0
L 0.2973228 0.9748819 0.3373228 0.9748819 0 P 0
L 0.2973228 0.99 0.2973228 1.03 0 P 0
L 0.2973228 0.99 0.3373228 0.99 0 P 0
L 0.2973228 1.03 0.3373228 1.03 0 P 0
L 0.3 0.395 0.31 0.375 0 P 0
L 0.3 0.395 0.31 0.415 0 P 0
L 0.3097637 0.9073228 0.3097637 0.9473228 0 P 0
L 0.3097637 0.9624409 0.3097637 1.0024409 0 P 0
L 0.3248818 0.9073228 0.3248818 0.9473228 0 P 0
L 0.3248818 0.9073228 0.3648818 0.9073228 0 P 0
L 0.3248818 0.9473228 0.3648818 0.9473228 0 P 0
L 0.3248818 0.9624409 0.3248818 1.0024409 0 P 0
L 0.3248818 0.9624409 0.3648818 0.9624409 0 P 0
L 0.3248818 1.0024409 0.3648818 1.0024409 0 P 0
L 0.3373228 0.8797638 0.3373228 0.9197638 0 P 0
L 0.3373228 0.9348819 0.3373228 0.9748819 0 P 0
L 0.3373228 0.99 0.3373228 1.03 0 P 0
L 0.3524409 0.8797638 0.3524409 0.9197638 0 P 0
L 0.3524409 0.8797638 0.3924409 0.8797638 0 P 0
L 0.3524409 0.9197638 0.3924409 0.9197638 0 P 0
L 0.3524409 0.9348819 0.3524409 0.9748819 0 P 0
L 0.3524409 0.9348819 0.3924409 0.9348819 0 P 0
L 0.3524409 0.9748819 0.3924409 0.9748819 0 P 0
L 0.3524409 0.99 0.3524409 1.03 0 P 0
L 0.3524409 0.99 0.3924409 0.99 0 P 0
L 0.3524409 1.03 0.3924409 1.03 0 P 0
L 0.3648818 0.9073228 0.3648818 0.9473228 0 P 0
L 0.3648818 0.9624409 0.3648818 1.0024409 0 P 0
L 0.38 0.9073228 0.38 0.9473228 0 P 0
L 0.38 0.9073228 0.42 0.9073228 0 P 0
L 0.38 0.9473228 0.42 0.9473228 0 P 0
L 0.38 0.9624409 0.38 1.0024409 0 P 0
L 0.38 0.9624409 0.42 0.9624409 0 P 0
L 0.38 1.0024409 0.42 1.0024409 0 P 0
L 0.3809842 0.265 0.3809842 0.275 0 P 0
L 0.3809842 0.265 0.3909842 0.265 0 P 0
L 0.3809842 0.275 0.3909842 0.285 0 P 0
L 0.3809842 0.295 0.3809842 0.305 0 P 0
L 0.3809842 0.295 0.3909842 0.285 0 P 0
L 0.3809842 0.305 0.3909842 0.305 0 P 0
L 0.3909842 0.265 0.4009842 0.275 0 P 0
L 0.3909842 0.305 0.4009842 0.295 0 P 0
L 0.3924409 0.8797638 0.3924409 0.9197638 0 P 0
L 0.3924409 0.9348819 0.3924409 0.9748819 0 P 0
L 0.3924409 0.99 0.3924409 1.03 0 P 0
L 0.395 1.715 0.395 1.725 0 P 0
L 0.395 1.715 0.405 1.715 0 P 0
L 0.395 1.725 0.405 1.735 0 P 0
L 0.395 1.745 0.395 1.755 0 P 0
L 0.395 1.745 0.405 1.735 0 P 0
L 0.395 1.755 0.405 1.755 0 P 0
L 0.4 1.86 0.41 1.86 0 P 0
L 0.4 1.86 0.41 1.87 0 P 0
L 0.4 1.88 0.41 1.87 0 P 0
L 0.4 1.88 0.41 1.88 0 P 0
L 0.4009842 0.275 0.4109842 0.265 0 P 0
L 0.4009842 0.295 0.4109842 0.305 0 P 0
L 0.405 1.715 0.415 1.725 0 P 0
L 0.405 1.755 0.415 1.745 0 P 0
L 0.41 1.86 0.42 1.85 0 P 0
L 0.41 1.88 0.42 1.89 0 P 0
L 0.4109842 0.265 0.4209842 0.265 0 P 0
L 0.4109842 0.285 0.4209842 0.275 0 P 0
L 0.4109842 0.285 0.4209842 0.295 0 P 0
L 0.4109842 0.305 0.4209842 0.305 0 P 0
L 0.415 1.725 0.425 1.715 0 P 0
L 0.415 1.745 0.425 1.755 0 P 0
L 0.42 0.9073228 0.42 0.9473228 0 P 0
L 0.42 0.9624409 0.42 1.0024409 0 P 0
L 0.42 1.85 0.43 1.86 0 P 0
L 0.42 1.89 0.43 1.88 0 P 0
L 0.4209842 0.265 0.4209842 0.275 0 P 0
L 0.4209842 0.295 0.4209842 0.305 0 P 0
L 0.425 1.715 0.435 1.715 0 P 0
L 0.425 1.735 0.435 1.725 0 P 0
L 0.425 1.735 0.435 1.745 0 P 0
L 0.425 1.755 0.435 1.755 0 P 0
L 0.43 1.86 0.44 1.86 0 P 0
L 0.43 1.87 0.44 1.86 0 P 0
L 0.43 1.87 0.44 1.88 0 P 0
L 0.43 1.88 0.44 1.88 0 P 0
L 0.435 1.715 0.435 1.725 0 P 0
L 0.435 1.745 0.435 1.755 0 P 0
L 0.5 1.86 0.51 1.86 0 P 0
L 0.5 1.86 0.51 1.87 0 P 0
L 0.5 1.88 0.51 1.87 0 P 0
L 0.5 1.88 0.51 1.88 0 P 0
L 0.51 1.86 0.52 1.85 0 P 0
L 0.51 1.88 0.52 1.89 0 P 0
L 0.52 1.85 0.53 1.86 0 P 0
L 0.52 1.89 0.53 1.88 0 P 0
L 0.53 1.86 0.54 1.86 0 P 0
L 0.53 1.87 0.54 1.86 0 P 0
L 0.53 1.87 0.54 1.88 0 P 0
L 0.53 1.88 0.54 1.88 0 P 0
L 0.58 1.49 0.58 1.5 0 P 0
L 0.58 1.49 0.59 1.49 0 P 0
L 0.58 1.5 0.59 1.51 0 P 0
L 0.58 1.52 0.58 1.53 0 P 0
L 0.58 1.52 0.59 1.51 0 P 0
L 0.58 1.53 0.59 1.53 0 P 0
L 0.59 1.49 0.6 1.5 0 P 0
L 0.59 1.53 0.6 1.52 0 P 0
L 0.6 1.5 0.61 1.49 0 P 0
L 0.6 1.52 0.61 1.53 0 P 0
L 0.61 1.49 0.62 1.49 0 P 0
L 0.61 1.51 0.62 1.5 0 P 0
L 0.61 1.51 0.62 1.52 0 P 0
L 0.61 1.53 0.62 1.53 0 P 0
L 0.615 0.34 0.615 0.35 0 P 0
L 0.615 0.34 0.625 0.34 0 P 0
L 0.615 0.35 0.625 0.36 0 P 0
L 0.615 0.37 0.615 0.38 0 P 0
L 0.615 0.37 0.625 0.36 0 P 0
L 0.615 0.38 0.625 0.38 0 P 0
L 0.62 1.49 0.62 1.5 0 P 0
L 0.62 1.52 0.62 1.53 0 P 0
L 0.625 0.34 0.635 0.35 0 P 0
L 0.625 0.38 0.635 0.37 0 P 0
L 0.635 0.35 0.645 0.34 0 P 0
L 0.635 0.37 0.645 0.38 0 P 0
L 0.645 0.34 0.655 0.34 0 P 0
L 0.645 0.36 0.655 0.35 0 P 0
L 0.645 0.36 0.655 0.37 0 P 0
L 0.645 0.38 0.655 0.38 0 P 0
L 0.655 0.34 0.655 0.35 0 P 0
L 0.655 0.37 0.655 0.38 0 P 0
L 0.68 0.11 0.69 0.11 0 P 0
L 0.68 0.11 0.69 0.12 0 P 0
L 0.68 0.13 0.69 0.12 0 P 0
L 0.68 0.13 0.69 0.13 0 P 0
L 0.69 0.11 0.7 0.1 0 P 0
L 0.69 0.13 0.7 0.14 0 P 0
L 0.7 0.1 0.71 0.11 0 P 0
L 0.7 0.14 0.71 0.13 0 P 0
L 0.71 0.11 0.72 0.11 0 P 0
L 0.71 0.12 0.72 0.11 0 P 0
L 0.71 0.12 0.72 0.13 0 P 0
L 0.71 0.13 0.72 0.13 0 P 0
L 0.75 0.34 0.75 0.35 0 P 0
L 0.75 0.34 0.76 0.34 0 P 0
L 0.75 0.35 0.76 0.36 0 P 0
L 0.75 0.37 0.75 0.38 0 P 0
L 0.75 0.37 0.76 0.36 0 P 0
L 0.75 0.38 0.76 0.38 0 P 0
L 0.76 0.34 0.77 0.35 0 P 0
L 0.76 0.38 0.77 0.37 0 P 0
L 0.77 0.35 0.78 0.34 0 P 0
L 0.77 0.37 0.78 0.38 0 P 0
L 0.78 0.11 0.79 0.11 0 P 0
L 0.78 0.11 0.79 0.12 0 P 0
L 0.78 0.13 0.79 0.12 0 P 0
L 0.78 0.13 0.79 0.13 0 P 0
L 0.78 0.34 0.79 0.34 0 P 0
L 0.78 0.36 0.79 0.35 0 P 0
L 0.78 0.36 0.79 0.37 0 P 0
L 0.78 0.38 0.79 0.38 0 P 0
L 0.78 1.57 0.78 1.58 0 P 0
L 0.78 1.57 0.79 1.57 0 P 0
L 0.78 1.58 0.79 1.59 0 P 0
L 0.78 1.6 0.78 1.61 0 P 0
L 0.78 1.6 0.79 1.59 0 P 0
L 0.78 1.61 0.79 1.61 0 P 0
L 0.785 1.25 0.795 1.27 0 P 0
L 0.785 1.25 0.805 1.26 0 P 0
L 0.785 1.29 0.795 1.27 0 P 0
L 0.785 1.29 0.805 1.28 0 P 0
L 0.788 0.869 0.788 0.879 0 P 0
L 0.788 0.869 0.798 0.869 0 P 0
L 0.788 0.879 0.798 0.889 0 P 0
L 0.788 0.899 0.788 0.909 0 P 0
L 0.788 0.899 0.798 0.889 0 P 0
L 0.788 0.909 0.798 0.909 0 P 0
L 0.79 0.11 0.8 0.1 0 P 0
L 0.79 0.13 0.8 0.14 0 P 0
L 0.79 0.34 0.79 0.35 0 P 0
L 0.79 0.37 0.79 0.38 0 P 0
L 0.79 1.57 0.8 1.58 0 P 0
L 0.79 1.61 0.8 1.6 0 P 0
L 0.795 1.32 0.805 1.34 0 P 0
L 0.795 1.32 0.815 1.33 0 P 0
L 0.795 1.36 0.805 1.34 0 P 0
L 0.795 1.36 0.815 1.35 0 P 0
L 0.798 0.869 0.808 0.879 0 P 0
L 0.798 0.909 0.808 0.899 0 P 0
L 0.8 0.1 0.81 0.11 0 P 0
L 0.8 0.14 0.81 0.13 0 P 0
L 0.8 1.58 0.81 1.57 0 P 0
L 0.8 1.6 0.81 1.61 0 P 0
L 0.805 1.26 0.825 1.25 0 P 0
L 0.805 1.28 0.825 1.29 0 P 0
L 0.808 0.879 0.818 0.869 0 P 0
L 0.808 0.899 0.818 0.909 0 P 0
L 0.81 0.11 0.82 0.11 0 P 0
L 0.81 0.12 0.82 0.11 0 P 0
L 0.81 0.12 0.82 0.13 0 P 0
L 0.81 0.13 0.82 0.13 0 P 0
L 0.81 1.57 0.82 1.57 0 P 0
L 0.81 1.59 0.82 1.58 0 P 0
L 0.81 1.59 0.82 1.6 0 P 0
L 0.81 1.61 0.82 1.61 0 P 0
L 0.815 1.27 0.825 1.25 0 P 0
L 0.815 1.27 0.825 1.29 0 P 0
L 0.815 1.33 0.835 1.32 0 P 0
L 0.815 1.35 0.835 1.36 0 P 0
L 0.815 1.41 0.825 1.43 0 P 0
L 0.815 1.41 0.835 1.42 0 P 0
L 0.815 1.45 0.825 1.43 0 P 0
L 0.815 1.45 0.835 1.44 0 P 0
L 0.818 0.869 0.828 0.869 0 P 0
L 0.818 0.889 0.828 0.879 0 P 0
L 0.818 0.889 0.828 0.899 0 P 0
L 0.818 0.909 0.828 0.909 0 P 0
L 0.82 1.57 0.82 1.58 0 P 0
L 0.82 1.6 0.82 1.61 0 P 0
L 0.825 1.34 0.835 1.32 0 P 0
L 0.825 1.34 0.835 1.36 0 P 0
L 0.828 0.869 0.828 0.879 0 P 0
L 0.828 0.899 0.828 0.909 0 P 0
L 0.835 1.42 0.855 1.41 0 P 0
L 0.835 1.44 0.855 1.45 0 P 0
L 0.841 0.68 0.841 0.69 0 P 0
L 0.841 0.68 0.851 0.68 0 P 0
L 0.841 0.69 0.851 0.7 0 P 0
L 0.841 0.71 0.841 0.72 0 P 0
L 0.841 0.71 0.851 0.7 0 P 0
L 0.841 0.72 0.851 0.72 0 P 0
L 0.845 1.43 0.855 1.41 0 P 0
L 0.845 1.43 0.855 1.45 0 P 0
L 0.851 0.68 0.861 0.69 0 P 0
L 0.851 0.72 0.861 0.71 0 P 0
L 0.861 0.69 0.871 0.68 0 P 0
L 0.861 0.71 0.871 0.72 0 P 0
L 0.865 0.115 0.865 0.125 0 P 0
L 0.865 0.115 0.875 0.115 0 P 0
L 0.865 0.125 0.875 0.135 0 P 0
L 0.865 0.145 0.865 0.155 0 P 0
L 0.865 0.145 0.875 0.135 0 P 0
L 0.865 0.155 0.875 0.155 0 P 0
L 0.871 0.68 0.881 0.68 0 P 0
L 0.871 0.7 0.881 0.69 0 P 0
L 0.871 0.7 0.881 0.71 0 P 0
L 0.871 0.72 0.881 0.72 0 P 0
L 0.875 0.115 0.885 0.125 0 P 0
L 0.875 0.155 0.885 0.145 0 P 0
L 0.881 0.68 0.881 0.69 0 P 0
L 0.881 0.71 0.881 0.72 0 P 0
L 0.885 0.125 0.895 0.115 0 P 0
L 0.885 0.145 0.895 0.155 0 P 0
L 0.889 1.295 0.899 1.315 0 P 0
L 0.889 1.295 0.909 1.305 0 P 0
L 0.889 1.335 0.899 1.315 0 P 0
L 0.889 1.335 0.909 1.325 0 P 0
L 0.895 0.115 0.905 0.115 0 P 0
L 0.895 0.135 0.905 0.125 0 P 0
L 0.895 0.135 0.905 0.145 0 P 0
L 0.895 0.155 0.905 0.155 0 P 0
L 0.895 1.061 0.895 1.071 0 P 0
L 0.895 1.061 0.905 1.061 0 P 0
L 0.895 1.071 0.905 1.081 0 P 0
L 0.895 1.091 0.895 1.101 0 P 0
L 0.895 1.091 0.905 1.081 0 P 0
L 0.895 1.101 0.905 1.101 0 P 0
L 0.905 0.115 0.905 0.125 0 P 0
L 0.905 0.145 0.905 0.155 0 P 0
L 0.905 1.061 0.915 1.071 0 P 0
L 0.905 1.101 0.915 1.091 0 P 0
L 0.909 1.305 0.929 1.295 0 P 0
L 0.909 1.325 0.929 1.335 0 P 0
L 0.91 1.198 0.91 1.208 0 P 0
L 0.91 1.198 0.92 1.198 0 P 0
L 0.91 1.208 0.92 1.218 0 P 0
L 0.91 1.228 0.91 1.238 0 P 0
L 0.91 1.228 0.92 1.218 0 P 0
L 0.91 1.238 0.92 1.238 0 P 0
L 0.915 1.071 0.925 1.061 0 P 0
L 0.915 1.091 0.925 1.101 0 P 0
L 0.919 1.315 0.929 1.295 0 P 0
L 0.919 1.315 0.929 1.335 0 P 0
L 0.92 1.198 0.93 1.208 0 P 0
L 0.92 1.238 0.93 1.228 0 P 0
L 0.925 1.061 0.935 1.061 0 P 0
L 0.925 1.081 0.935 1.071 0 P 0
L 0.925 1.081 0.935 1.091 0 P 0
L 0.925 1.101 0.935 1.101 0 P 0
L 0.93 1.208 0.94 1.198 0 P 0
L 0.93 1.228 0.94 1.238 0 P 0
L 0.935 1.061 0.935 1.071 0 P 0
L 0.935 1.091 0.935 1.101 0 P 0
L 0.94 1.198 0.95 1.198 0 P 0
L 0.94 1.218 0.95 1.208 0 P 0
L 0.94 1.218 0.95 1.228 0 P 0
L 0.94 1.238 0.95 1.238 0 P 0
L 0.95 1.198 0.95 1.208 0 P 0
L 0.95 1.228 0.95 1.238 0 P 0
L 0.96 0.235 0.96 0.245 0 P 0
L 0.96 0.235 0.97 0.235 0 P 0
L 0.96 0.245 0.97 0.255 0 P 0
L 0.96 0.265 0.96 0.275 0 P 0
L 0.96 0.265 0.97 0.255 0 P 0
L 0.96 0.275 0.97 0.275 0 P 0
L 0.96 1.66 0.97 1.68 0 P 0
L 0.96 1.66 0.98 1.67 0 P 0
L 0.96 1.7 0.97 1.68 0 P 0
L 0.96 1.7 0.98 1.69 0 P 0
L 0.97 0.235 0.98 0.245 0 P 0
L 0.97 0.275 0.98 0.265 0 P 0
L 0.98 0.11 0.99 0.11 0 P 0
L 0.98 0.11 0.99 0.12 0 P 0
L 0.98 0.13 0.99 0.12 0 P 0
L 0.98 0.13 0.99 0.13 0 P 0
L 0.98 0.245 0.99 0.235 0 P 0
L 0.98 0.265 0.99 0.275 0 P 0
L 0.98 1.67 1 1.66 0 P 0
L 0.98 1.69 1 1.7 0 P 0
L 0.988 1.064 0.988 1.074 0 P 0
L 0.988 1.064 0.998 1.064 0 P 0
L 0.988 1.074 0.998 1.084 0 P 0
L 0.988 1.094 0.988 1.104 0 P 0
L 0.988 1.094 0.998 1.084 0 P 0
L 0.988 1.104 0.998 1.104 0 P 0
L 0.99 0.11 1 0.1 0 P 0
L 0.99 0.13 1 0.14 0 P 0
L 0.99 0.235 1 0.235 0 P 0
L 0.99 0.255 1 0.245 0 P 0
L 0.99 0.255 1 0.265 0 P 0
L 0.99 0.275 1 0.275 0 P 0
L 0.99 1.68 1 1.66 0 P 0
L 0.99 1.68 1 1.7 0 P 0
L 0.998 1.064 1.008 1.074 0 P 0
L 0.998 1.104 1.008 1.094 0 P 0
L 1 0.1 1.01 0.11 0 P 0
L 1 0.14 1.01 0.13 0 P 0
L 1 0.235 1 0.245 0 P 0
L 1 0.265 1 0.275 0 P 0
L 1.008 1.074 1.018 1.064 0 P 0
L 1.008 1.094 1.018 1.104 0 P 0
L 1.01 0.11 1.02 0.11 0 P 0
L 1.01 0.12 1.02 0.11 0 P 0
L 1.01 0.12 1.02 0.13 0 P 0
L 1.01 0.13 1.02 0.13 0 P 0
L 1.018 1.064 1.028 1.064 0 P 0
L 1.018 1.084 1.028 1.074 0 P 0
L 1.018 1.084 1.028 1.094 0 P 0
L 1.018 1.104 1.028 1.104 0 P 0
L 1.028 1.064 1.028 1.074 0 P 0
L 1.028 1.094 1.028 1.104 0 P 0
L 1.08 0.11 1.09 0.11 0 P 0
L 1.08 0.11 1.09 0.12 0 P 0
L 1.08 0.13 1.09 0.12 0 P 0
L 1.08 0.13 1.09 0.13 0 P 0
L 1.09 0.11 1.1 0.1 0 P 0
L 1.09 0.13 1.1 0.14 0 P 0
L 1.1 0.1 1.11 0.11 0 P 0
L 1.1 0.14 1.11 0.13 0 P 0
L 1.11 0.11 1.12 0.11 0 P 0
L 1.11 0.12 1.12 0.11 0 P 0
L 1.11 0.12 1.12 0.13 0 P 0
L 1.11 0.13 1.12 0.13 0 P 0
L 1.124 0.997 1.124 1.007 0 P 0
L 1.124 0.997 1.134 0.997 0 P 0
L 1.124 1.007 1.134 1.017 0 P 0
L 1.124 1.027 1.124 1.037 0 P 0
L 1.124 1.027 1.134 1.017 0 P 0
L 1.124 1.037 1.134 1.037 0 P 0
L 1.134 0.997 1.144 1.007 0 P 0
L 1.134 1.037 1.144 1.027 0 P 0
L 1.144 1.007 1.154 0.997 0 P 0
L 1.144 1.027 1.154 1.037 0 P 0
L 1.154 0.997 1.164 0.997 0 P 0
L 1.154 1.017 1.164 1.007 0 P 0
L 1.154 1.017 1.164 1.027 0 P 0
L 1.154 1.037 1.164 1.037 0 P 0
L 1.16 1.092 1.16 1.102 0 P 0
L 1.16 1.092 1.17 1.092 0 P 0
L 1.16 1.102 1.17 1.112 0 P 0
L 1.16 1.122 1.16 1.132 0 P 0
L 1.16 1.122 1.17 1.112 0 P 0
L 1.16 1.132 1.17 1.132 0 P 0
L 1.164 0.997 1.164 1.007 0 P 0
L 1.164 1.027 1.164 1.037 0 P 0
L 1.17 1.092 1.18 1.102 0 P 0
L 1.17 1.132 1.18 1.122 0 P 0
L 1.18 1.102 1.19 1.092 0 P 0
L 1.18 1.122 1.19 1.132 0 P 0
L 1.189 1.433 1.199 1.453 0 P 0
L 1.189 1.433 1.209 1.443 0 P 0
L 1.189 1.473 1.199 1.453 0 P 0
L 1.189 1.473 1.209 1.463 0 P 0
L 1.19 1.092 1.2 1.092 0 P 0
L 1.19 1.112 1.2 1.102 0 P 0
L 1.19 1.112 1.2 1.122 0 P 0
L 1.19 1.132 1.2 1.132 0 P 0
L 1.2 1.092 1.2 1.102 0 P 0
L 1.2 1.122 1.2 1.132 0 P 0
L 1.209 1.443 1.229 1.433 0 P 0
L 1.209 1.463 1.229 1.473 0 P 0
L 1.219 1.453 1.229 1.433 0 P 0
L 1.219 1.453 1.229 1.473 0 P 0
L 1.27 1.73 1.27 1.75 0 P 0
L 1.27 1.73 1.28 1.73 0 P 0
L 1.27 1.75 1.28 1.75 0 P 0
L 1.27 1.83 1.27 1.85 0 P 0
L 1.27 1.83 1.28 1.83 0 P 0
L 1.27 1.85 1.28 1.85 0 P 0
L 1.28 1.72 1.28 1.73 0 P 0
L 1.28 1.72 1.3 1.72 0 P 0
L 1.28 1.75 1.28 1.76 0 P 0
L 1.28 1.76 1.3 1.76 0 P 0
L 1.28 1.82 1.28 1.83 0 P 0
L 1.28 1.82 1.3 1.82 0 P 0
L 1.28 1.85 1.28 1.86 0 P 0
L 1.28 1.86 1.3 1.86 0 P 0
L 1.29 0.819 1.29 0.829 0 P 0
L 1.29 0.819 1.3 0.819 0 P 0
L 1.29 0.829 1.3 0.839 0 P 0
L 1.29 0.849 1.29 0.859 0 P 0
L 1.29 0.849 1.3 0.839 0 P 0
L 1.29 0.859 1.3 0.859 0 P 0
L 1.296 1.065 1.296 1.075 0 P 0
L 1.296 1.065 1.306 1.065 0 P 0
L 1.296 1.075 1.306 1.085 0 P 0
L 1.296 1.095 1.296 1.105 0 P 0
L 1.296 1.095 1.306 1.085 0 P 0
L 1.296 1.105 1.306 1.105 0 P 0
L 1.3 0.819 1.31 0.829 0 P 0
L 1.3 0.859 1.31 0.849 0 P 0
L 1.3 1.72 1.3 1.73 0 P 0
L 1.3 1.73 1.31 1.73 0 P 0
L 1.3 1.75 1.3 1.76 0 P 0
L 1.3 1.75 1.31 1.75 0 P 0
L 1.3 1.82 1.3 1.83 0 P 0
L 1.3 1.83 1.31 1.83 0 P 0
L 1.3 1.85 1.3 1.86 0 P 0
L 1.3 1.85 1.31 1.85 0 P 0
L 1.306 1.065 1.316 1.075 0 P 0
L 1.306 1.105 1.316 1.095 0 P 0
L 1.31 0.829 1.32 0.819 0 P 0
L 1.31 0.849 1.32 0.859 0 P 0
L 1.31 1.73 1.31 1.75 0 P 0
L 1.31 1.83 1.31 1.85 0 P 0
L 1.316 1.075 1.326 1.065 0 P 0
L 1.316 1.095 1.326 1.105 0 P 0
L 1.32 0.819 1.33 0.819 0 P 0
L 1.32 0.839 1.33 0.829 0 P 0
L 1.32 0.839 1.33 0.849 0 P 0
L 1.32 0.859 1.33 0.859 0 P 0
L 1.32 1.261 1.33 1.281 0 P 0
L 1.32 1.261 1.34 1.271 0 P 0
L 1.32 1.301 1.33 1.281 0 P 0
L 1.32 1.301 1.34 1.291 0 P 0
L 1.326 1.065 1.336 1.065 0 P 0
L 1.326 1.085 1.336 1.075 0 P 0
L 1.326 1.085 1.336 1.095 0 P 0
L 1.326 1.105 1.336 1.105 0 P 0
L 1.33 0.819 1.33 0.829 0 P 0
L 1.33 0.849 1.33 0.859 0 P 0
L 1.336 1.065 1.336 1.075 0 P 0
L 1.336 1.095 1.336 1.105 0 P 0
L 1.34 1.271 1.36 1.261 0 P 0
L 1.34 1.291 1.36 1.301 0 P 0
L 1.35 1.281 1.36 1.261 0 P 0
L 1.35 1.281 1.36 1.301 0 P 0
L 1.357 0.495 1.357 0.505 0 P 0
L 1.357 0.495 1.367 0.495 0 P 0
L 1.357 0.505 1.367 0.515 0 P 0
L 1.357 0.525 1.357 0.535 0 P 0
L 1.357 0.525 1.367 0.515 0 P 0
L 1.357 0.535 1.367 0.535 0 P 0
L 1.367 0.495 1.377 0.505 0 P 0
L 1.367 0.535 1.377 0.525 0 P 0
L 1.377 0.505 1.387 0.495 0 P 0
L 1.377 0.525 1.387 0.535 0 P 0
L 1.387 0.495 1.397 0.495 0 P 0
L 1.387 0.515 1.397 0.505 0 P 0
L 1.387 0.515 1.397 0.525 0 P 0
L 1.387 0.535 1.397 0.535 0 P 0
L 1.397 0.495 1.397 0.505 0 P 0
L 1.397 0.525 1.397 0.535 0 P 0
L 1.425 1.066 1.425 1.076 0 P 0
L 1.425 1.066 1.435 1.066 0 P 0
L 1.425 1.076 1.435 1.086 0 P 0
L 1.425 1.096 1.425 1.106 0 P 0
L 1.425 1.096 1.435 1.086 0 P 0
L 1.425 1.106 1.435 1.106 0 P 0
L 1.426 0.935 1.426 0.945 0 P 0
L 1.426 0.935 1.436 0.935 0 P 0
L 1.426 0.945 1.436 0.955 0 P 0
L 1.426 0.965 1.426 0.975 0 P 0
L 1.426 0.965 1.436 0.955 0 P 0
L 1.426 0.975 1.436 0.975 0 P 0
L 1.426 1.021 1.426 1.031 0 P 0
L 1.426 1.021 1.436 1.021 0 P 0
L 1.426 1.031 1.436 1.041 0 P 0
L 1.426 1.051 1.426 1.061 0 P 0
L 1.426 1.051 1.436 1.041 0 P 0
L 1.426 1.061 1.436 1.061 0 P 0
L 1.426 1.195 1.426 1.205 0 P 0
L 1.426 1.195 1.436 1.195 0 P 0
L 1.426 1.205 1.436 1.215 0 P 0
L 1.426 1.225 1.426 1.235 0 P 0
L 1.426 1.225 1.436 1.215 0 P 0
L 1.426 1.235 1.436 1.235 0 P 0
L 1.426 1.237 1.426 1.247 0 P 0
L 1.426 1.237 1.436 1.237 0 P 0
L 1.426 1.247 1.436 1.257 0 P 0
L 1.426 1.267 1.426 1.277 0 P 0
L 1.426 1.267 1.436 1.257 0 P 0
L 1.426 1.277 1.436 1.277 0 P 0
L 1.43 1.62 1.44 1.64 0 P 0
L 1.43 1.62 1.45 1.63 0 P 0
L 1.43 1.66 1.44 1.64 0 P 0
L 1.43 1.66 1.45 1.65 0 P 0
L 1.435 1.066 1.445 1.076 0 P 0
L 1.435 1.106 1.445 1.096 0 P 0
L 1.436 0.935 1.446 0.945 0 P 0
L 1.436 0.975 1.446 0.965 0 P 0
L 1.436 1.021 1.446 1.031 0 P 0
L 1.436 1.061 1.446 1.051 0 P 0
L 1.436 1.195 1.446 1.205 0 P 0
L 1.436 1.235 1.446 1.225 0 P 0
L 1.436 1.237 1.446 1.247 0 P 0
L 1.436 1.277 1.446 1.267 0 P 0
L 1.445 1.076 1.455 1.066 0 P 0
L 1.445 1.096 1.455 1.106 0 P 0
L 1.446 0.945 1.456 0.935 0 P 0
L 1.446 0.965 1.456 0.975 0 P 0
L 1.446 1.031 1.456 1.021 0 P 0
L 1.446 1.051 1.456 1.061 0 P 0
L 1.446 1.205 1.456 1.195 0 P 0
L 1.446 1.225 1.456 1.235 0 P 0
L 1.446 1.247 1.456 1.237 0 P 0
L 1.446 1.267 1.456 1.277 0 P 0
L 1.45 1.63 1.47 1.62 0 P 0
L 1.45 1.65 1.47 1.66 0 P 0
L 1.455 1.066 1.465 1.066 0 P 0
L 1.455 1.086 1.465 1.076 0 P 0
L 1.455 1.086 1.465 1.096 0 P 0
L 1.455 1.106 1.465 1.106 0 P 0
L 1.456 0.935 1.466 0.935 0 P 0
L 1.456 0.955 1.466 0.945 0 P 0
L 1.456 0.955 1.466 0.965 0 P 0
L 1.456 0.975 1.466 0.975 0 P 0
L 1.456 1.021 1.466 1.021 0 P 0
L 1.456 1.041 1.466 1.031 0 P 0
L 1.456 1.041 1.466 1.051 0 P 0
L 1.456 1.061 1.466 1.061 0 P 0
L 1.456 1.195 1.466 1.195 0 P 0
L 1.456 1.215 1.466 1.205 0 P 0
L 1.456 1.215 1.466 1.225 0 P 0
L 1.456 1.235 1.466 1.235 0 P 0
L 1.456 1.237 1.466 1.237 0 P 0
L 1.456 1.257 1.466 1.247 0 P 0
L 1.456 1.257 1.466 1.267 0 P 0
L 1.456 1.277 1.466 1.277 0 P 0
L 1.46 1.64 1.47 1.62 0 P 0
L 1.46 1.64 1.47 1.66 0 P 0
L 1.465 1.066 1.465 1.076 0 P 0
L 1.465 1.096 1.465 1.106 0 P 0
L 1.466 0.935 1.466 0.945 0 P 0
L 1.466 0.965 1.466 0.975 0 P 0
L 1.466 1.021 1.466 1.031 0 P 0
L 1.466 1.051 1.466 1.061 0 P 0
L 1.466 1.195 1.466 1.205 0 P 0
L 1.466 1.225 1.466 1.235 0 P 0
L 1.466 1.237 1.466 1.247 0 P 0
L 1.466 1.267 1.466 1.277 0 P 0
L 1.529 1.065 1.529 1.075 0 P 0
L 1.529 1.065 1.539 1.065 0 P 0
L 1.529 1.075 1.539 1.085 0 P 0
L 1.529 1.095 1.529 1.105 0 P 0
L 1.529 1.095 1.539 1.085 0 P 0
L 1.529 1.105 1.539 1.105 0 P 0
L 1.539 1.065 1.549 1.075 0 P 0
L 1.539 1.105 1.549 1.095 0 P 0
L 1.549 1.075 1.559 1.065 0 P 0
L 1.549 1.095 1.559 1.105 0 P 0
L 1.559 1.065 1.569 1.065 0 P 0
L 1.559 1.085 1.569 1.075 0 P 0
L 1.559 1.085 1.569 1.095 0 P 0
L 1.559 1.105 1.569 1.105 0 P 0
L 1.568 1.15 1.578 1.17 0 P 0
L 1.568 1.15 1.588 1.16 0 P 0
L 1.568 1.19 1.578 1.17 0 P 0
L 1.568 1.19 1.588 1.18 0 P 0
L 1.569 1.065 1.569 1.075 0 P 0
L 1.569 1.095 1.569 1.105 0 P 0
L 1.588 1.16 1.608 1.15 0 P 0
L 1.588 1.18 1.608 1.19 0 P 0
L 1.598 1.17 1.608 1.15 0 P 0
L 1.598 1.17 1.608 1.19 0 P 0
L 1.75 1.73 1.75 1.75 0 P 0
L 1.75 1.73 1.76 1.73 0 P 0
L 1.75 1.75 1.76 1.75 0 P 0
L 1.75 1.83 1.75 1.85 0 P 0
L 1.75 1.83 1.76 1.83 0 P 0
L 1.75 1.85 1.76 1.85 0 P 0
L 1.76 1.72 1.76 1.73 0 P 0
L 1.76 1.72 1.78 1.72 0 P 0
L 1.76 1.75 1.76 1.76 0 P 0
L 1.76 1.76 1.78 1.76 0 P 0
L 1.76 1.82 1.76 1.83 0 P 0
L 1.76 1.82 1.78 1.82 0 P 0
L 1.76 1.85 1.76 1.86 0 P 0
L 1.76 1.86 1.78 1.86 0 P 0
L 1.78 1.72 1.78 1.73 0 P 0
L 1.78 1.73 1.79 1.73 0 P 0
L 1.78 1.75 1.78 1.76 0 P 0
L 1.78 1.75 1.79 1.75 0 P 0
L 1.78 1.82 1.78 1.83 0 P 0
L 1.78 1.83 1.79 1.83 0 P 0
L 1.78 1.85 1.78 1.86 0 P 0
L 1.78 1.85 1.79 1.85 0 P 0
L 1.79 1.73 1.79 1.75 0 P 0
L 1.79 1.83 1.79 1.85 0 P 0
L 1.855 0.365 1.855 0.375 0 P 0
L 1.855 0.365 1.865 0.365 0 P 0
L 1.855 0.375 1.865 0.385 0 P 0
L 1.855 0.395 1.855 0.405 0 P 0
L 1.855 0.395 1.865 0.385 0 P 0
L 1.855 0.405 1.865 0.405 0 P 0
L 1.865 0.365 1.875 0.375 0 P 0
L 1.865 0.405 1.875 0.395 0 P 0
L 1.875 0.375 1.885 0.365 0 P 0
L 1.875 0.395 1.885 0.405 0 P 0
L 1.885 0.365 1.895 0.365 0 P 0
L 1.885 0.385 1.895 0.375 0 P 0
L 1.885 0.385 1.895 0.395 0 P 0
L 1.885 0.405 1.895 0.405 0 P 0
L 1.895 0.365 1.895 0.375 0 P 0
L 1.895 0.395 1.895 0.405 0 P 0
L 1.897 1.018 1.917 0.998 0 P 0
L 1.897 1.018 1.917 1.038 0 P 0
L 1.897 1.332 1.917 1.312 0 P 0
L 1.897 1.332 1.917 1.352 0 P 0
L 1.917 0.998 1.937 1.018 0 P 0
L 1.917 1.038 1.937 1.018 0 P 0
L 1.917 1.312 1.937 1.332 0 P 0
L 1.917 1.352 1.937 1.332 0 P 0
L 1.985 1.625 1.985 1.635 0 P 0
L 1.985 1.625 1.995 1.625 0 P 0
L 1.985 1.635 1.995 1.645 0 P 0
L 1.985 1.655 1.985 1.665 0 P 0
L 1.985 1.655 1.995 1.645 0 P 0
L 1.985 1.665 1.995 1.665 0 P 0
L 1.985 1.875 1.985 1.885 0 P 0
L 1.985 1.875 1.995 1.875 0 P 0
L 1.985 1.885 1.995 1.895 0 P 0
L 1.985 1.905 1.985 1.915 0 P 0
L 1.985 1.905 1.995 1.895 0 P 0
L 1.985 1.915 1.995 1.915 0 P 0
L 1.995 1.625 2.005 1.635 0 P 0
L 1.995 1.665 2.005 1.655 0 P 0
L 1.995 1.875 2.005 1.885 0 P 0
L 1.995 1.915 2.005 1.905 0 P 0
L 2.005 1.635 2.015 1.625 0 P 0
L 2.005 1.655 2.015 1.665 0 P 0
L 2.005 1.885 2.015 1.875 0 P 0
L 2.005 1.905 2.015 1.915 0 P 0
L 2.015 1.625 2.025 1.625 0 P 0
L 2.015 1.645 2.025 1.635 0 P 0
L 2.015 1.645 2.025 1.655 0 P 0
L 2.015 1.665 2.025 1.665 0 P 0
L 2.015 1.875 2.025 1.875 0 P 0
L 2.015 1.895 2.025 1.885 0 P 0
L 2.015 1.895 2.025 1.905 0 P 0
L 2.015 1.915 2.025 1.915 0 P 0
L 2.025 1.625 2.025 1.635 0 P 0
L 2.025 1.655 2.025 1.665 0 P 0
L 2.025 1.875 2.025 1.885 0 P 0
L 2.025 1.905 2.025 1.915 0 P 0
