#Layer_Color=9474304
#
#Feature symbol names
#
$0 r5

#
#Feature attribute names
#

#
#Layer features
#
L 0.11 0.29 0.12 0.29 0 P 0
L 0.115 0.285 0.115 0.295 0 P 0
L 0.116 1.87 0.154 1.87 0 P 0
L 0.135 1.851 0.135 1.889 0 P 0
L 0.145 0.25 0.155 0.25 0 P 0
L 0.145 0.325 0.155 0.325 0 P 0
L 0.15 0.245 0.15 0.255 0 P 0
L 0.15 0.32 0.15 0.33 0 P 0
L 0.16 1.675 0.17 1.675 0 P 0
L 0.165 1.67 0.165 1.68 0 P 0
L 0.175 0.29 0.185 0.29 0 P 0
L 0.18 0.285 0.18 0.295 0 P 0
L 0.185 1.28 0.195 1.28 0 P 0
L 0.19 1.275 0.19 1.285 0 P 0
L 0.216 1.87 0.254 1.87 0 P 0
L 0.235 1.305 0.245 1.305 0 P 0
L 0.235 1.851 0.235 1.889 0 P 0
L 0.24 1.3 0.24 1.31 0 P 0
L 0.276 0.395 0.304 0.395 0 P 0
L 0.2820079 1.4718898 0.3079921 1.4718898 0 P 0
L 0.2820079 1.59 0.3079921 1.59 0 P 0
L 0.2858267 0.9273228 0.2937007 0.9273228 0 P 0
L 0.2858267 0.9824409 0.2937007 0.9824409 0 P 0
L 0.2897637 0.9233858 0.2897637 0.9312598 0 P 0
L 0.2897637 0.9785039 0.2897637 0.9863779 0 P 0
L 0.29 0.381 0.29 0.409 0 P 0
L 0.295 1.4588977 0.295 1.4848819 0 P 0
L 0.295 1.5770079 0.295 1.6029921 0 P 0
L 0.3133858 0.8997638 0.3212598 0.8997638 0 P 0
L 0.3133858 0.9548819 0.3212598 0.9548819 0 P 0
L 0.3133858 1.01 0.3212598 1.01 0 P 0
L 0.3173228 0.8958268 0.3173228 0.9037008 0 P 0
L 0.3173228 0.9509449 0.3173228 0.9588189 0 P 0
L 0.3173228 1.006063 0.3173228 1.013937 0 P 0
L 0.3409448 0.9273228 0.3488188 0.9273228 0 P 0
L 0.3409448 0.9824409 0.3488188 0.9824409 0 P 0
L 0.3448818 0.9233858 0.3448818 0.9312598 0 P 0
L 0.3448818 0.9785039 0.3448818 0.9863779 0 P 0
L 0.3685039 0.8997638 0.3763779 0.8997638 0 P 0
L 0.3685039 0.9548819 0.3763779 0.9548819 0 P 0
L 0.3685039 1.01 0.3763779 1.01 0 P 0
L 0.3724409 0.8958268 0.3724409 0.9037008 0 P 0
L 0.3724409 0.9509449 0.3724409 0.9588189 0 P 0
L 0.3724409 1.006063 0.3724409 1.013937 0 P 0
L 0.3959842 0.285 0.4059842 0.285 0 P 0
L 0.396063 0.9273228 0.403937 0.9273228 0 P 0
L 0.396063 0.9824409 0.403937 0.9824409 0 P 0
L 0.4 0.9233858 0.4 0.9312598 0 P 0
L 0.4 0.9785039 0.4 0.9863779 0 P 0
L 0.4009842 0.28 0.4009842 0.29 0 P 0
L 0.401 1.87 0.439 1.87 0 P 0
L 0.41 1.735 0.42 1.735 0 P 0
L 0.415 1.73 0.415 1.74 0 P 0
L 0.42 1.851 0.42 1.889 0 P 0
L 0.501 1.87 0.539 1.87 0 P 0
L 0.52 1.851 0.52 1.889 0 P 0
L 0.595 1.51 0.605 1.51 0 P 0
L 0.6 1.505 0.6 1.515 0 P 0
L 0.63 0.36 0.64 0.36 0 P 0
L 0.635 0.355 0.635 0.365 0 P 0
L 0.681 0.12 0.719 0.12 0 P 0
L 0.7 0.101 0.7 0.139 0 P 0
L 0.765 0.36 0.775 0.36 0 P 0
L 0.77 0.355 0.77 0.365 0 P 0
L 0.781 0.12 0.819 0.12 0 P 0
L 0.791 1.27 0.819 1.27 0 P 0
L 0.795 1.59 0.805 1.59 0 P 0
L 0.8 0.101 0.8 0.139 0 P 0
L 0.8 1.585 0.8 1.595 0 P 0
L 0.801 1.34 0.829 1.34 0 P 0
L 0.803 0.889 0.813 0.889 0 P 0
L 0.805 1.256 0.805 1.284 0 P 0
L 0.808 0.884 0.808 0.894 0 P 0
L 0.815 1.326 0.815 1.354 0 P 0
L 0.821 1.43 0.849 1.43 0 P 0
L 0.835 1.416 0.835 1.444 0 P 0
L 0.856 0.7 0.866 0.7 0 P 0
L 0.861 0.695 0.861 0.705 0 P 0
L 0.88 0.135 0.89 0.135 0 P 0
L 0.885 0.13 0.885 0.14 0 P 0
L 0.895 1.315 0.923 1.315 0 P 0
L 0.909 1.301 0.909 1.329 0 P 0
L 0.91 1.081 0.92 1.081 0 P 0
L 0.915 1.076 0.915 1.086 0 P 0
L 0.925 1.218 0.935 1.218 0 P 0
L 0.93 1.213 0.93 1.223 0 P 0
L 0.966 1.68 0.994 1.68 0 P 0
L 0.975 0.255 0.985 0.255 0 P 0
L 0.98 0.25 0.98 0.26 0 P 0
L 0.98 1.666 0.98 1.694 0 P 0
L 0.981 0.12 1.019 0.12 0 P 0
L 1 0.101 1 0.139 0 P 0
L 1.003 1.084 1.013 1.084 0 P 0
L 1.008 1.079 1.008 1.089 0 P 0
L 1.081 0.12 1.119 0.12 0 P 0
L 1.1 0.101 1.1 0.139 0 P 0
L 1.139 1.017 1.149 1.017 0 P 0
L 1.144 1.012 1.144 1.022 0 P 0
L 1.175 1.112 1.185 1.112 0 P 0
L 1.18 1.107 1.18 1.117 0 P 0
L 1.195 1.453 1.223 1.453 0 P 0
L 1.209 1.439 1.209 1.467 0 P 0
L 1.2725 1.74 1.3075 1.74 0 P 0
L 1.2725 1.84 1.3075 1.84 0 P 0
L 1.29 1.7225 1.29 1.7575 0 P 0
L 1.29 1.8225 1.29 1.8575 0 P 0
L 1.305 0.839 1.315 0.839 0 P 0
L 1.31 0.834 1.31 0.844 0 P 0
L 1.311 1.085 1.321 1.085 0 P 0
L 1.316 1.08 1.316 1.09 0 P 0
L 1.326 1.281 1.354 1.281 0 P 0
L 1.34 1.267 1.34 1.295 0 P 0
L 1.372 0.515 1.382 0.515 0 P 0
L 1.377 0.51 1.377 0.52 0 P 0
L 1.436 1.64 1.464 1.64 0 P 0
L 1.44 1.086 1.45 1.086 0 P 0
L 1.441 0.955 1.451 0.955 0 P 0
L 1.441 1.041 1.451 1.041 0 P 0
L 1.441 1.215 1.451 1.215 0 P 0
L 1.441 1.257 1.451 1.257 0 P 0
L 1.445 1.081 1.445 1.091 0 P 0
L 1.446 0.95 1.446 0.96 0 P 0
L 1.446 1.036 1.446 1.046 0 P 0
L 1.446 1.21 1.446 1.22 0 P 0
L 1.446 1.252 1.446 1.262 0 P 0
L 1.45 1.626 1.45 1.654 0 P 0
L 1.544 1.085 1.554 1.085 0 P 0
L 1.549 1.08 1.549 1.09 0 P 0
L 1.574 1.17 1.602 1.17 0 P 0
L 1.588 1.156 1.588 1.184 0 P 0
L 1.7525 1.74 1.7875 1.74 0 P 0
L 1.7525 1.84 1.7875 1.84 0 P 0
L 1.77 1.7225 1.77 1.7575 0 P 0
L 1.77 1.8225 1.77 1.8575 0 P 0
L 1.87 0.385 1.88 0.385 0 P 0
L 1.875 0.38 1.875 0.39 0 P 0
L 1.897315 1.018 1.936685 1.018 0 P 0
L 1.897315 1.332 1.936685 1.332 0 P 0
L 1.917 0.998315 1.917 1.037685 0 P 0
L 1.917 1.312315 1.917 1.351685 0 P 0
L 2 1.645 2.01 1.645 0 P 0
L 2 1.895 2.01 1.895 0 P 0
L 2.005 1.64 2.005 1.65 0 P 0
L 2.005 1.89 2.005 1.9 0 P 0
